              y           x         mass  ...  raw_mass        ep  frame
0      5.720201  516.723159  2683.520550  ...    4475.0  0.000957      1
1      8.733983  424.846797   569.881028  ...    1073.0  0.004887      1
2     12.877661  210.645254  2199.359788  ...    3554.0  0.001224      1
3     14.967742  330.505376    73.814674  ...     269.0  0.163296      1
4     23.187737  190.942214  2925.600931  ...    5017.0  0.000849      1
..          ...         ...          ...  ...       ...       ...    ...
195  499.951983   80.830376  3041.482031  ...    5309.0  0.000800      1
196  504.799875  213.685919  2542.240852  ...    4272.0  0.001006      1
197  506.416667   98.104167    38.097896  ...     280.0  0.113130      1
198  505.421053  226.842105    15.080417  ...     284.0  0.101762      1
199  506.372549  497.862745    40.479015  ...     283.0  0.104384      1

[200 rows x 9 columns]
              y           x         mass  ...  raw_mass        ep  frame
0      5.712018  517.935122  2885.090263  ...    4882.0  0.000856      2
1      8.741713  424.852210   571.805461  ...    1073.0  0.004790      2
2     12.877830  210.646784  2197.975966  ...    3554.0  0.001200      2
3     14.319149  335.382979    37.119968  ...     246.0  1.993614      2
4     16.347826  320.782609    36.330181  ...     236.0 -0.495867      2
..          ...         ...          ...  ...       ...       ...    ...
204  506.416667   98.104167    37.909754  ...     280.0  0.110330      2
205  505.421053  226.842105    15.005944  ...     284.0  0.099295      2
206  506.708333  369.937500    37.909754  ...     283.0  0.101841      2
207  506.925000  496.850000    31.591462  ...     287.0  0.092366      2
208  504.435897  644.871795    30.801675  ...     267.0  0.172713      2

[209 rows x 9 columns]
              y           x         mass  ...  raw_mass         ep  frame
0      5.683964  517.938725  2860.841259  ...    4804.0   0.000860      3
1      8.730447  424.843575   565.377406  ...    1059.0   0.004812      3
2     12.877874  210.647270  2198.338964  ...    3554.0   0.001185      3
3     15.568182  320.931818    34.743863  ...     236.0  -0.493345      3
4     16.454545  335.840909    34.743863  ...     244.0  79.311972      3
..          ...         ...          ...  ...       ...        ...    ...
202  506.478261   14.260870    36.323129  ...     282.0   0.103086      3
203  506.416667   98.104167    37.902396  ...     280.0   0.108805      3
204  501.567568  226.216216    29.216430  ...     248.0   0.968614      3
205  506.708333  369.937500    37.902396  ...     283.0   0.100446      3
206  505.750000  644.750000    31.585330  ...     283.0   0.100446      3

[207 rows x 9 columns]
              y           x         mass  ...  raw_mass        ep  frame
0      5.713934  517.934699  2893.770381  ...    4879.0  0.000880      4
1      8.732591  424.850975   567.685009  ...    1065.0  0.004970      4
2     12.879670  210.646193  2201.163044  ...    3554.0  0.001233      4
3     14.382979  335.446809    37.160439  ...     246.0  1.977215      4
4     16.104167  321.020833    37.951087  ...     240.0 -1.036650      4
..          ...         ...          ...  ...       ...       ...    ...
203  506.666667   12.738095    33.207201  ...     277.0  0.123413      4
204  506.416667   98.104167    37.951087  ...     280.0  0.113147      4
205  501.641026  226.128205    30.835258  ...     249.0  0.805824      4
206  506.708333  369.937500    37.951087  ...     283.0  0.104457      4
207  505.526316  644.763158    30.044611  ...     283.0  0.104457      4

[208 rows x 9 columns]
